         100   0.00000000    
   3.49979824E-03  -1.51497698       5.18627405       3.45432386E-03 -0.147609890       7.11832047E-02   7.68274674E-03
   3.49979824E-03   2.03613901      0.462292850      0.206186712     -0.200127646       4.11898233E-02  -8.39975923E-02
   3.49979824E-03  -8.82610798       12.5666142      0.320903122     -0.167525753     -0.190867558      -2.24193186E-03
   3.49979824E-03  -4.08631992     -0.437465757      0.105621114      0.146427631     -0.221855432       1.23805134E-02
   3.49979824E-03 -0.929796696      -1.86588717     -0.251090527       4.91947308E-02 -0.942811847       5.25873639E-02
   3.49979824E-03  -5.25799036     -0.682545543      0.359360456     -0.733940482       4.85578813E-02  -3.65543831E-03
   3.49979824E-03   4.14372158       2.68042612      -2.30962541E-02 -0.680813193     -0.224772617       1.26024177E-02
   3.49979824E-03  -1.03670907     -0.363495857     -0.324395239      0.591526806      -3.41228507E-02  -3.51762697E-02
   3.49979824E-03  0.427104235      -5.10126209      0.241858348      0.304332852     -0.161726803       2.16291808E-02
   3.49979824E-03   17.3174019      -1.28349292      0.136053205       7.02404529E-02  0.279232383      -3.31375469E-03
   3.49979824E-03   3.65573788      -4.06631804       3.16231064E-02 -0.103342041      0.430158198       1.73020493E-02
   3.49979824E-03  -1.82388222       3.28737092     -0.289569765       5.71214408E-02 -0.334389985      -3.10204253E-02
   3.49979824E-03  -4.21332121      0.483526230     -0.378666759      0.848953724      -8.79240185E-02   4.35449593E-02
   3.49979824E-03   5.73189449       15.1314287      0.254541308     -0.208811477      0.111200556       1.19018406E-02
   3.49979824E-03  0.116536975       4.10843039     -0.296522975      -9.51310545E-02 -0.204165339       7.69447070E-03
   3.49979824E-03  -2.05696678     -0.811479688      0.582249224     -0.357070446      0.306363583      -5.14804162E-02
   3.49979824E-03  -1.18866491      0.649691880      0.183021322      0.299344182      0.502091587      -9.89858285E-02
   3.49979824E-03  -2.60746598      -2.86769485      0.137628719      -6.97206855E-02 -0.381961495      0.118818454    
   3.49979824E-03   1.66461074      -3.78976107      -8.71333778E-02  0.267083764      0.217342556       1.31373489E-02
   3.49979824E-03   1.80204260      -5.06372070      0.228808090      0.211793870       2.86095776E-02   6.86590001E-03
   3.49979824E-03   2.76822805       2.29360485      0.508863688      0.816778123      0.379637450       2.73716897E-02
   3.49979824E-03  -2.53894019      -15.5428944      -9.90141332E-02  0.404695094      -4.31280397E-02   1.16765806E-02
   3.49979824E-03   3.85139227       20.2462521     -0.299709678     -0.217182979       8.99885446E-02   1.30812330E-02
   3.49979824E-03  -1.55835843       1.52730048E-02 -0.639687240       1.26809287     -0.125625327     -0.179310516    
   3.49979824E-03   6.16629720E-02   3.55635285       7.69519359E-02 -0.164465532      0.314542860       3.05239595E-02
   3.49979824E-03  -1.76843417      -3.35825729     -0.329048902      0.416801691      0.352029949       3.87537442E-02
   3.49979824E-03   1.95377386      -1.58061767     -0.171173736     -0.757989883      0.400694877      -4.74230498E-02
   3.49979824E-03  -4.69714260      -2.01849604     -0.127602696     -0.280987680     -0.246699527       4.30625211E-03
   3.49979824E-03  -3.11278057      -2.38144755     -0.237263158      0.222014025      0.273524970       1.03833526E-02
   3.49979824E-03  -2.92379856      0.676366985     -0.379278213      0.800229013     -0.148364916      -3.76580730E-02
   3.49979824E-03   9.21150017       8.89120007      0.595452487     -0.143894032      0.284080058      -1.08454926E-02
   3.49979824E-03   9.10065746      -4.37076712      -2.84205861E-02   1.54267251E-03   7.28161931E-02   1.32846832E-02
   3.49979824E-03   9.55759883E-02   1.33728838     -0.513391256       5.21543622E-02   9.17774141E-02  0.167493716    
   3.49979824E-03  0.682507396     -0.509997368      0.206108302      -4.94149327E-03  0.353574961     -0.103140287    
   3.49979824E-03   4.70128584      -2.20443964     -0.241410047      -6.70543909E-02  0.222367555       1.71950161E-02
   3.49979824E-03  -2.29168320       3.10402226     -0.288200438      -6.37524426E-02  -4.12442945E-02  -2.35499553E-02
   3.49979824E-03   11.5600986      -7.04536152      -5.85183054E-02  0.286501288      0.289319575      -4.53850534E-03
   3.49979824E-03 -0.551559210       1.29828048     -0.811161220      0.138334841     -0.742665112     -0.128802970    
   3.49979824E-03  0.300725102       2.38599491     -0.519428611      0.757019520       1.42272305      -1.77473575E-02
   3.49979824E-03  -1.08320737      -2.68284440     -0.179849461      -2.02704072E-02 -0.311951458       7.21115991E-03
   3.49979824E-03  -4.76130843E-02  -2.70993423     -0.123294502      -2.66065150E-02  0.970037580      -5.29656224E-02
   3.49979824E-03   1.90485823       1.92149472     -0.166860238      -7.34842569E-02 -0.303984314      -1.49891516E-02
   3.49979824E-03  0.740030766       1.05364847      -9.13311392E-02  -5.83403111E-02 -0.367015451       2.67224852E-03
   3.49979824E-03 -0.236182153       3.30081296      0.465638548      0.312993944      0.343629628       3.63605842E-02
   3.49979824E-03  -5.96533489     -0.472283751       6.62177354E-02  0.980625987     -0.199048460       1.63251981E-02
   3.49979824E-03   2.18507290      -1.02837110      0.547171891     -0.451424181      0.256445348      -6.03256859E-02
   3.49979824E-03   3.20134258      -1.17742372      0.901207447     -0.687421024      0.222752407      -7.40440469E-03
   3.49979824E-03   3.98795938     -0.842128634     -0.394886822     -0.703885317       7.07071871E-02   5.89060923E-03
   3.49979824E-03   15.9075136       1.60576367      0.810206175       5.06029017E-02  0.338180065       1.34784719E-02
   3.49979824E-03   9.30301857       2.40610862       2.13676281E-02  -5.25631458E-02  0.166502610       1.30751841E-02
   3.49979824E-03 -0.926571310     -0.974164903       6.07663654E-02 -0.422654510     -0.214850873      0.129824236    
   3.49979824E-03   1.30838263      0.377090752      0.389700055     -0.349860132      0.115171164       6.69330955E-02
   3.49979824E-03  -5.17743158     -0.980717897     -0.161587700     -0.184727952     -0.224295899       4.13154252E-04
   3.49979824E-03   3.63388205      0.427340627     -0.181153744     -0.128809005      0.205707535       1.67664569E-02
   3.49979824E-03  -4.81934977      -1.40787840      0.150047436     -0.245082155     -0.339423686       2.51709074E-02
   3.49979824E-03  -1.08788776       3.68739724      0.508426428      -3.59265804E-02 -0.301329464       2.60151587E-02
   3.49979824E-03   6.38229036      -8.74036026      -8.15732181E-02  0.270799398      0.107736498       1.19177019E-02
   3.49979824E-03   1.88882411     -0.599712551     -0.251392066     -0.218998834      -2.35506184E-02  0.107619457    
   3.49979824E-03  -3.56393766      -2.50083065      0.250695646      -4.32971865E-02 -0.111935675      -3.48806977E-02
   3.49979824E-03  -3.01287556      0.939462006       4.68787514E-02 -0.408858418      0.174448267       2.84717269E-02
   3.49979824E-03 -0.663506866      -5.78287542E-02   8.72347206E-02 -0.262681484      0.405108839      0.155188382    
   3.49979824E-03  0.162790000      0.708804548     -0.480694622     -0.211410478     -0.505592167     -0.153727382    
   3.49979824E-03   2.89191723      -2.58282304      0.239083752      0.433459461      -6.90240860E-02   2.17710715E-02
   3.49979824E-03  0.911195636       1.36266828       9.82406735E-02   1.19263816       1.01864767      -5.19561954E-02
   3.49979824E-03  -1.26497698     -0.234489068     -0.176451519     -0.373722732     -0.780582249      -1.70482993E-02
   3.49979824E-03   1.32211101      -3.82799840     -0.237471357      0.898538411      -1.04555249       2.19746642E-02
   3.49979824E-03  -3.45004082      -2.63876915     -0.131626815      0.222140327      0.267976373      -6.64578099E-03
   3.49979824E-03 -0.983858824      -2.32507586     -0.110839993      0.222655103      0.628430247       3.57961282E-04
   3.49979824E-03   1.90432680      -4.86509800E-02  0.901238024     -0.679258347     -0.171338186      -2.48300321E-02
   3.49979824E-03 -0.942505419       1.59899044      -6.06505200E-02 -0.157388464       1.26825583       5.10763302E-02
   3.49979824E-03  -2.10146904E-02 -0.640705705       6.84491843E-02 -0.657519400     -0.590413988       9.71848667E-02
   3.49979824E-03  -2.39239788       3.22253108     -0.101867259     -0.227328107      0.101461664       2.34468840E-04
   3.49979824E-03  -2.04477859      -1.76346564      -5.49396165E-02  0.397274792     -0.142207757     -0.114030376    
   3.49979824E-03   1.23666179      -1.65741944      0.167707324      0.233211398     -0.299403399      -6.08708002E-02
   3.49979824E-03  -1.95856631      -3.45128798      -1.65606774E-02  0.105917439     -0.546365678       6.46415055E-02
   3.49979824E-03 -0.381581366       4.66286325     -0.187568322      -8.00279379E-02  -1.62609853E-02   1.54426983E-02
   3.49979824E-03  0.146187663     -0.663704395      -3.16760391E-02  0.343733013      0.597010136      -5.58377523E-03
   3.49979824E-03  -15.3250809       5.37604618     -0.378601849      -3.13793570E-02 -0.307518303       6.71258755E-03
   3.49979824E-03  -2.41071391      -1.11155128      0.180443615       1.04640102      0.166844949     -0.118012369    
   3.49979824E-03  -1.55757368      -3.25243640     -0.105861440      0.315591156     -0.243216082       3.75057012E-03
   3.49979824E-03 -0.581141531      0.357701182     -0.459540427     -0.412389696      0.310866982     -0.109476551    
   3.49979824E-03 -0.343450934      0.559144437      0.125663459      0.142708674       1.10459197      -5.85894845E-02
   3.49979824E-03  -6.04310036       11.4460688     -0.321452796     -0.255402803     -0.117578253       1.30261695E-02
   3.49979824E-03  -9.55600142E-02  -14.8703413      0.295657963      0.413415313       4.54887841E-03   7.21711712E-03
   3.49979824E-03   1.72133529      -3.02015245E-02 -0.304430008      0.362702250     -0.320841759      -3.54126096E-02
   3.49979824E-03  -1.31180203      -3.31016207      0.139850676      0.290117323      0.393765420      -3.53216194E-02
   3.49979824E-03   1.48622906      -1.18900478       7.25253820E-02 -0.344881415     -0.315859556      -2.09079199E-02
   3.49979824E-03  -1.13204980     -0.957678735     -0.743185818     -0.265264869      -1.21262884      -7.70177096E-02
   3.49979824E-03  -3.09654427     -0.633127391      0.215292066      -1.39728367      0.133835062       5.76783679E-02
   3.49979824E-03  -6.59740257      -5.25183678E-02  0.155406982      0.436189353     -0.184072137       1.51377553E-02
   3.49979824E-03   3.12724876       1.36173129     -0.513192236     -0.682500243     -0.304733932       8.52809660E-03
   3.49979824E-03  -2.18527412      0.123728454       5.85606433E-02 -0.624086261     -0.309636831      -3.49663123E-02
   3.49979824E-03  -3.66326857       2.56765866      0.184136480      -1.89119279E-02  0.409640461      -1.72229074E-02
   3.49979824E-03 -0.934427321      -2.38876271      -8.13946575E-02  -3.35112512E-02 -0.928463638      -2.90425010E-02
   3.49979824E-03   1.18769658       4.07103014      -4.05308306E-02  0.170771301      0.455211610       6.03457913E-04
   3.49979824E-03  -4.91242504       1.59822369      -3.09872478E-02 -0.578773558      -6.33994788E-02   1.79307293E-02
   3.49979824E-03  -4.06600142      -4.95361233      0.123492584      -1.55566037E-02  0.246453241       1.63505450E-02
   3.49979824E-03  -1.87317336      -1.57718515      0.430465847     -0.836767197      -1.02797818      0.246230498    
   3.49979824E-03 -0.916658878      -2.57492352      0.565426826      0.117737755     -0.578870118       1.68480650E-02
   3.49979824E-03   2.33069372       3.15877867       8.93506259E-02 -0.247791454     -0.455725521      -2.13259645E-03
